11
0.9410486819506803 4.799895135105069 2.002659480730517 1.432622946245807 3.087144738041747 1.311072731393166 0.7325427355458922 1.069969524763522 1.747942652220893 -0.4143178751939632 1.385873651252268 
0.059103864
1.6794729
0.011841
0.01137825
0.00037300028

11
0.9328266661076956 4.787168485526646 1.995858917869202 1.435374555037587 3.114219780939357 1.298008843714479 0.7153037213165593 1.074827737093859 1.753891211551659 -0.4030543364140726 1.378549771888947 
0.043758033
1.6124069
0.011975001
0.0099994
0.00038499944